1. Cluster the IRIS dataset using k-means algorithms (using 3 clusters). (5)¶

import numpy as np
import matplotlib.pyplot as plt
import pandas as pd
import seaborn as sb
from sklearn.cluster import KMeans

Irisdata=pd.read_csv('iris.csv')
arr1=np.array(Irisdata['sepallenght'])
arr2=np.array(Irisdata['petalwidth'])
x=np.array(list(zip(arr1,arr2)))
print(x)

OUT: [[5.1 0.2]
 [4.9 0.2]
 [4.7 0.2]
 [4.6 0.2]
 [5.  0.2]
 [5.4 0.4]
 [4.6 0.3]
 [5.  0.2]
 [4.4 0.2]
 [4.9 0.1]
 [5.4 0.2]
 [4.8 0.2]
 [4.8 0.1]
 [4.3 0.1]
 [5.8 0.2]
 [5.7 0.4]
 [5.4 0.4]
 [5.1 0.3]
 [5.7 0.3]
 [5.1 0.3]
 [5.4 0.2]
 [5.1 0.4]
 [4.6 0.2]
 [5.1 0.5]
 [4.8 0.2]
 [5.  0.2]
 [5.  0.4]
 [5.2 0.2]
 [5.2 0.2]
 [4.7 0.2]
 [4.8 0.2]
 [5.4 0.4]
 [5.2 0.1]
 [5.5 0.2]
 [4.9 0.1]
 [5.  0.2]
 [5.5 0.2]
 [4.9 0.1]
 [4.4 0.2]
 [5.1 0.2]
 [5.  0.3]
 [4.5 0.3]
 [4.4 0.2]
 [5.  0.6]
 [5.1 0.4]
 [4.8 0.3]
 [5.1 0.2]
 [4.6 0.2]
 [5.3 0.2]
 [5.  0.2]
 [7.  1.4]
 [6.4 1.5]
 [6.9 1.5]
 [5.5 1.3]
 [6.5 1.5]
 [5.7 1.3]
 [6.3 1.6]
 [4.9 1. ]
 [6.6 1.3]
 [5.2 1.4]
 [5.  1. ]
 [5.9 1.5]
 [6.  1. ]
 [6.1 1.4]
 [5.6 1.3]
 [6.7 1.4]
 [5.6 1.5]
 [5.8 1. ]
 [6.2 1.5]
 [5.6 1.1]
 [5.9 1.8]
 [6.1 1.3]
 [6.3 1.5]
 [6.1 1.2]
 [6.4 1.3]
 [6.6 1.4]
 [6.8 1.4]
 [6.7 1.7]
 [6.  1.5]
 [5.7 1. ]
 [5.5 1.1]
 [5.5 1. ]
 [5.8 1.2]
 [6.  1.6]
 [5.4 1.5]
 [6.  1.6]
 [6.7 1.5]
 [6.3 1.3]
 [5.6 1.3]
 [5.5 1.3]
 [5.5 1.2]
 [6.1 1.4]
 [5.8 1.2]
 [5.  1. ]
 [5.6 1.3]
 [5.7 1.2]
 [5.7 1.3]
 [6.2 1.3]
 [5.1 1.1]
 [5.7 1.3]
 [6.3 2.5]
 [5.8 1.9]
 [7.1 2.1]
 [6.3 1.8]
 [6.5 2.2]
 [7.6 2.1]
 [4.9 1.7]
 [7.3 1.8]
 [6.7 1.8]
 [7.2 2.5]
 [6.5 2. ]
 [6.4 1.9]
 [6.8 2.1]
 [5.7 2. ]
 [5.8 2.4]
 [6.4 2.3]
 [6.5 1.8]
 [7.7 2.2]
 [7.7 2.3]
 [6.  1.5]
 [6.9 2.3]
 [5.6 2. ]
 [7.7 2. ]
 [6.3 1.8]
 [6.7 2.1]
 [7.2 1.8]
 [6.2 1.8]
 [6.1 1.8]
 [6.4 2.1]
 [7.2 1.6]
 [7.4 1.9]
 [7.9 2. ]
 [6.4 2.2]
 [6.3 1.5]
 [6.1 1.4]
 [7.7 2.3]
 [6.3 2.4]
 [6.4 1.8]
 [6.  1.8]
 [6.9 2.1]
 [6.7 2.4]
 [6.9 2.3]
 [5.8 1.9]
 [6.8 2.3]
 [6.7 2.5]
 [6.7 2.3]
 [6.3 1.9]
 [6.5 2. ]
 [6.2 2.3]
 [5.9 1.8]]

colors=['red','maroon','cyan']
markers=['o','o','o']
classlabel=['Iris-setosa','Iris-versicolor','Iris-virginica']

kmeans=KMeans(n_clusters=3).fit(x)
plt.scatter(kmeans.cluster_centers_[:,0],kmeans.cluster_centers_[:,1],s=250,c='black',label='Centroids')
for i,l in enumerate(kmeans.labels_):
    plt.plot(arr1[i],arr2[i],color=colors[l],marker=markers[l])
plt.xlabel('Width')
plt.ylabel('Lenght')
plt.legend()
plt.show()
